2861
2969
2958
2960
3138
2940
2960
2950
3235
2818
2960
2946
3317
2792
2953
2954
3111
2951
2878
2961
2884
2966
2955
2963
2883
2966
2957
2956
3171
2927
2959
2948
3261
2807
2962
2948
3307
2809
2948
2955
3093
2952
2883
2957
2860
2963
2952
2962
2908
2959
2959
2956
3191
2910
2958
2948
3278
2793
2960
2948
3295
2823
2946
2952
3060
2945
2898
2964
2849
2967
2953
2963
2936
2963
2959
2957
3208
2896
2959
2944
3289
2786
2963
2954
3285
2850
2938
2952
3038
2943
2910
2965
2832
2966
2956
2960
2968
2957
2961
2956
3215
2881
2959
2945
3299
2776
2960
2949
3263
2880
2929
2954
3009
2947
2929
2960
2819
2968
2959
2963
3006
2957
2959
2954
3217
2870
2961
2943
3315
2776
2963
2952
3225
2902
2914
2956
2979
2946
2936
2961
2806
2970
2955
2963
3052
2953
2958
2954
3210
2861
2962
2945
3320
2777
2961
2955
3201
2931
2898
2957
2950
2949
2949
2967
2809
2967
2954
2965
3091
2952
2961
2959
3199
2842
2965
2948
3317
2785
2963
2955
3168
2958
2879
2962
2919
2947
2955
2968
2835
2965
2954
2959
3124
2948
2961
2945
3219
2827
2963
2944
3318
2791
2958
2956
3145
2955
2871
2962
2891
2959
2954
2962
2864
2961
2953
2958
3147
2937
2960
2947
3236
2814
2961
2948
3313
2799
2954
2953
3113
2949
2882
2962
2883
2965
2956
2962
2887
2963
2960
2957
3177
2925
2961
2944
3263
2801
2960
2951
3297
2813
2950
2956
3091
2947
2891
2960
2853
2964
2953
2960
2912
2962
2956
2957
3189
2906
2958
2946
3277
2788
2963
2948
3293
2830
2942
2950
3058
2947
2904
2960
