3419
0
0
0
2396
0
0
0
3580
0
0
0
2274
0
0
0
3649
0
0
0
2265
0
0
0
3572
0
0
0
2429
0
0
0
3355
0
0
0
2684
0
0
0
3103
0
0
0
2950
0
0
0
2819
0
0
0
3219
0
0
0
2558
0
0
0
3466
0
0
0
2358
0
0
0
3611
0
0
0
2258
0
0
0
3647
0
0
0
2291
0
0
0
3537
0
0
0
2477
0
0
0
3293
0
0
0
2737
0
0
0
3050
0
0
0
3007
0
0
0
2769
0
0
0
3284
0
0
0
2516
0
0
0
3495
0
0
0
2333
0
0
0
3624
0
0
0
2245
0
0
0
3633
0
0
0
2332
0
0
0
3496
0
0
0
2541
0
0
0
3242
0
0
0
2801
0
0
0
2980
0
0
0
3066
0
0
0
2704
0
0
0
3349
0
0
0
2454
0
0
0
3527
0
0
0
2304
0
0
0
3642
0
0
0
2256
0
0
0
3610
0
0
0
2355
0
0
0
3449
0
0
0
2585
0
0
0
3179
0
0
0
2851
0
0
0
2924
0
0
0
3129
0
0
0
2658
0
0
0
3384
0
0
0
2407
0
0
0
3569
0
0
0
2281
0
0
0
3651
0
0
0
2263
0
0
0
3591
0
0
0
2395
0
0
0
3391
0
0
0
2652
0
0
0
3134
0
0
0
2898
0
0
0
2858
0
0
0
3195
0
0
0
2598
0
0
0
3442
0
0
0
2381
0
0
0
3587
0
0
0
2259
0
0
0
3649
0
0
0
2272
0
0
0
3552
0
0
0
2452
0
0
0
3324
0
0
0
2711
0
0
0
3077
0
0
0
2982
0
0
0
2801
0
0
0
3253
0
0
0
2541
0
0
0
3481
0
0
0
2342
0
0
0
3618
0
0
0
2254
0
0
0
3641
0
0
0
2307
0
0
0
3513
0
0
0
2526
0
0
0
3262
0
0
0
2774
0
0
0
3008
0
0
0
3054
0
0
0
2734
0
0
0
3315
0
0
0
2471
0
0
0
3527
0
0
0
2312
0
0
0
3636
0
0
0
2258
0
0
0
3615
0
0
0
2344
0
0
0
3465
0
0
0
2570
0
0
0
3202
0
0
0
2829
0
0
0
2943
0
0
0
3105
0
0
0
2678
0
0
0
3377
0
0
0
2439
0
0
0
3552
0
0
0
2291
0
0
0
3643
0
0
0
2265
0
0
0
3595
0
0
0
2379
0
0
0
3406
0
0
0
2629
0
0
0
3153
0
0
0
2879
0
0
0
2884
0
0
0
3169
0
0
0
2617
0
0
0
3417
0
0
0
2392
0
0
0
